Year	Month	Day	CozyRetreatRoomPricePerNight	CozyRetreatRoomAvailability	CozyRetreatRoomMinLengthOfStay	OceanViewPenthousePricePerNight	OceanViewPenthouseAvailability	OceanViewPenthouseMinLengthOfStay	TiranaApartmentPricePerNight	TiranaApartmentAvailability	TiranaApartmentMinLengthOfStay	
2024	1	17	70.0	0	2	50.0	1	2	25.0	0	1	
2024	1	18	70.0	0	2	50.0	1	2	25.0	0	1	
2024	1	19	70.0	0	2	50.0	1	2	25.0	0	1	
2024	1	20	70.0	0	2	50.0	1	2	25.0	0	1	
2024	1	21	70.0	0	2	50.0	1	2	25.0	0	1	
2024	1	22	70.0	0	2	50.0	1	2	25.0	0	1	
2024	1	23	70.0	0	2	50.0	1	2	25.0	0	1	
2024	1	24	70.0	0	2	50.0	1	2	25.0	0	1	
2024	1	25	70.0	0	2	50.0	0	2	25.0	0	1	
2024	1	26	70.0	0	2	50.0	0	2	25.0	0	1	
2024	1	27	70.0	0	2	50.0	0	2	25.0	0	1	
2024	1	28	70.0	0	2	50.0	0	2	25.0	0	1	
2024	1	29	70.0	0	2	50.0	0	2	25.0	1	1	
2024	1	30	70.0	0	2	50.0	0	2	25.0	1	1	
2024	1	31	70.0	0	2	50.0	0	2	25.0	1	1	
2024	2	1	60.0	0	2	50.0	0	2	25.0	1	1	
2024	2	2	60.0	0	2	50.0	0	2	25.0	1	1	
2024	2	3	60.0	0	2	50.0	0	2	25.0	1	1	
2024	2	4	60.0	0	2	50.0	0	2	25.0	1	1	
2024	2	5	60.0	0	2	50.0	1	2	25.0	1	1	
2024	2	6	60.0	0	2	50.0	1	2	25.0	1	1	
2024	2	7	60.0	0	2	50.0	1	2	25.0	1	1	
2024	2	8	60.0	0	2	50.0	1	2	25.0	1	1	
2024	2	9	60.0	0	2	50.0	1	2	25.0	1	1	
2024	2	10	60.0	0	2	50.0	1	2	25.0	1	1	
2024	2	11	60.0	0	2	50.0	1	2	25.0	0	1	
2024	2	12	60.0	0	2	50.0	1	2	25.0	1	1	
2024	2	13	60.0	0	2	50.0	1	2	25.0	1	1	
2024	2	14	100.0	1	1	50.0	1	2	25.0	1	1	
2024	2	15	60.0	0	2	50.0	1	2	25.0	1	1	
2024	2	16	60.0	0	2	50.0	1	2	25.0	1	1	
2024	2	17	60.0	0	2	50.0	1	2	25.0	0	1	
2024	2	18	60.0	0	2	50.0	1	2	25.0	1	1	
2024	2	19	60.0	0	2	50.0	1	2	25.0	1	1	
2024	2	20	60.0	0	2	50.0	1	2	25.0	1	1	
2024	2	21	60.0	0	2	50.0	1	2	25.0	1	1	
2024	2	22	60.0	0	2	50.0	1	2	25.0	1	1	
2024	2	23	60.0	0	2	50.0	1	2	25.0	1	1	
2024	2	24	60.0	0	2	50.0	1	2	25.0	1	1	
2024	2	25	60.0	0	2	50.0	0	2	25.0	1	1	
2024	2	26	60.0	0	2	50.0	0	2	25.0	1	1	
2024	2	27	60.0	0	2	50.0	0	2	25.0	1	1	
2024	2	28	60.0	0	2	50.0	0	2	25.0	1	1	
2024	2	29	60.0	1	2	50.0	0	2	25.0	1	1	
2024	3	1	50.0	1	1	50.0	0	2	25.0	1	1	
2024	3	2	50.0	1	1	50.0	0	2	25.0	1	1	
2024	3	3	50.0	1	1	50.0	0	2	25.0	1	1	
2024	3	4	50.0	1	1	50.0	0	2	25.0	1	1	
2024	3	5	50.0	1	1	50.0	1	2	25.0	1	1	
2024	3	6	50.0	1	1	50.0	1	2	25.0	1	1	
2024	3	7	50.0	1	1	50.0	1	2	25.0	1	1	
2024	3	8	50.0	1	1	50.0	1	2	25.0	1	1	
2024	3	9	50.0	1	1	50.0	1	2	25.0	1	1	
2024	3	10	50.0	1	1	50.0	1	2	25.0	1	1	
2024	3	11	50.0	1	1	50.0	1	2	25.0	1	1	
2024	3	12	50.0	1	1	50.0	1	2	25.0	1	1	
2024	3	13	50.0	1	1	50.0	1	2	25.0	1	1	
2024	3	14	50.0	1	1	50.0	1	2	25.0	1	1	
2024	3	15	50.0	1	1	50.0	1	2	25.0	1	1	
2024	3	16	50.0	1	1	50.0	1	2	25.0	1	1	
2024	3	17	50.0	1	1	50.0	1	2	25.0	1	1	
2024	3	18	50.0	1	1	50.0	1	2	25.0	1	1	
2024	3	19	50.0	1	1	50.0	1	2	25.0	1	1	
2024	3	20	50.0	1	1	50.0	1	2	25.0	1	1	
2024	3	21	50.0	1	1	50.0	1	2	25.0	1	1	
2024	3	22	50.0	1	1	50.0	1	2	25.0	1	1	
2024	3	23	50.0	1	1	50.0	1	2	25.0	1	1	
2024	3	24	50.0	1	1	50.0	1	2	25.0	1	1	
2024	3	25	50.0	1	1	50.0	1	2	25.0	0	1	
2024	3	26	50.0	1	1	50.0	1	2	25.0	0	1	
2024	3	27	50.0	1	1	50.0	1	2	25.0	0	1	
2024	3	28	50.0	1	1	50.0	1	2	25.0	0	1	
2024	3	29	50.0	1	1	50.0	1	2	25.0	0	1	
2024	3	30	50.0	1	1	50.0	1	2	25.0	0	1	
2024	3	31	50.0	1	1	50.0	1	2	25.0	0	1	
2024	4	1	50.0	1	2	25.0	0	1	
2024	4	2	50.0	1	2	25.0	0	1	
2024	4	3	50.0	1	2	25.0	0	1	
2024	4	4	50.0	1	2	25.0	0	1	
2024	4	5	50.0	1	2	25.0	1	1	
2024	4	6	50.0	1	2	25.0	1	1	
2024	4	7	50.0	1	2	25.0	1	1	
2024	4	8	50.0	1	2	25.0	1	1	
2024	4	9	50.0	1	2	25.0	1	1	
2024	4	10	50.0	1	2	25.0	1	1	
2024	4	11	50.0	1	2	25.0	1	1	
2024	4	12	50.0	1	2	25.0	1	1	
2024	4	13	50.0	1	2	25.0	1	1	
2024	4	14	50.0	1	2	25.0	1	1	
2024	4	15	50.0	1	2	25.0	1	1	
2024	4	16	50.0	1	2	25.0	1	1	
2024	4	17	50.0	1	2	25.0	1	1	
